
Numero de elementos na entrada: 16

SEQ SHELL P2
4 2 9 6 3 3 4 8 8 14 10 11 13 9 9 15 INCR = 8
3 2 4 6 4 3 9 8 8 9 9 11 13 14 10 15 INCR = 4
3 2 4 3 4 6 8 8 9 9 9 11 10 14 13 15 INCR = 2
2 3 3 4 4 6 8 8 9 9 9 10 11 13 14 15 INCR = 1
SEQ SHELL KNUTH
3 2 8 11 3 9 9 15 4 14 9 6 13 8 4 10 INCR = 13
3 2 4 6 3 8 8 10 4 9 9 11 13 14 9 15 INCR = 4
2 3 3 4 4 6 8 8 9 9 9 10 11 13 14 15 INCR = 1
2 3 3 4 4 6 8 8 9 9 9 10 11 13 14 15 INCR = 0


Numero de elementos na entrada: 32

SEQ SHELL P2
9 18 3 2 16 14 4 6 25 17 12 9 9 2 13 12 24 20 25 21 20 18 14 6 32 22 18 23 14 8 26 19 INCR = 16
9 17 3 2 9 2 4 6 24 18 12 9 14 8 13 6 25 20 18 21 16 14 14 12 32 22 25 23 20 18 26 19 INCR = 8
9 2 3 2 9 8 4 6 14 14 12 6 16 17 13 9 20 18 14 12 24 18 18 19 25 20 25 21 32 22 26 23 INCR = 4
3 2 4 2 9 6 9 6 12 8 13 9 14 12 14 14 16 17 18 18 20 18 24 19 25 20 25 21 26 22 32 23 INCR = 2
2 2 3 4 6 6 8 9 9 9 12 12 13 14 14 14 16 17 18 18 18 19 20 20 21 22 23 24 25 25 26 32 INCR = 1
SEQ SHELL KNUTH
8 9 14 2 13 3 2 6 14 4 6 23 9 18 18 19 9 16 12 14 20 25 22 12 32 17 24 26 25 21 20 18 INCR = 13
8 3 2 2 9 4 6 6 9 9 12 12 13 16 14 14 14 17 18 18 20 18 20 19 25 21 22 23 32 25 24 26 INCR = 4
2 2 3 4 6 6 8 9 9 9 12 12 13 14 14 14 16 17 18 18 18 19 20 20 21 22 23 24 25 25 26 32 INCR = 1
2 2 3 4 6 6 8 9 9 9 12 12 13 14 14 14 16 17 18 18 18 19 20 20 21 22 23 24 25 25 26 32 INCR = 0


Numero de elementos na entrada: 50

SEQ SHELL P2
16 8 2 2 9 45 6 5 2 47 31 4 6 17 3 17 2 4 28 9 29 34 49 32 36 14 16 15 14 37 26 20 45 45 30 4 18 46 19 41 25 49 39 24 23 33 50 25 17 38 INCR = 32
2 4 2 2 9 34 6 5 2 14 16 4 6 17 3 17 16 8 28 4 18 45 19 32 25 47 31 15 14 33 26 20 17 38 30 9 29 46 49 41 36 49 39 24 23 37 50 25 45 45 INCR = 16
2 4 2 2 6 17 3 5 2 8 16 4 9 33 6 17 16 14 28 4 14 34 19 20 17 38 30 9 18 37 26 25 25 45 31 15 23 45 49 32 36 47 39 24 29 46 50 41 45 49 INCR = 8
2 4 2 2 2 8 3 4 6 14 6 4 9 17 16 5 14 33 19 9 16 34 26 15 17 37 28 17 18 38 30 20 23 45 31 24 25 45 39 25 29 46 49 32 36 47 50 41 45 49 INCR = 4
2 2 2 4 2 4 3 4 6 5 6 8 9 9 14 14 16 15 16 17 17 17 18 20 19 24 23 25 25 32 26 33 28 34 29 37 30 38 31 41 36 45 39 45 45 46 49 47 50 49 INCR = 2
2 2 2 2 3 4 4 4 5 6 6 8 9 9 14 14 15 16 16 17 17 17 18 19 20 23 24 25 25 26 28 29 30 31 32 33 34 36 37 38 39 41 45 45 45 46 47 49 49 50 INCR = 1
SEQ SHELL KNUTH
2 8 2 4 6 33 3 17 17 38 31 4 23 17 50 25 2 4 28 9 29 34 49 32 36 14 16 15 14 37 26 20 16 45 30 2 18 46 6 5 45 49 39 24 9 45 19 41 25 47 INCR = 40
2 8 2 2 4 9 3 17 17 2 18 4 6 5 15 14 4 6 20 9 19 30 25 31 36 14 16 45 25 37 24 28 16 29 34 38 32 46 23 17 50 49 39 26 33 45 45 41 49 47 INCR = 13
2 2 2 2 4 5 3 4 4 6 15 9 6 8 16 14 16 9 18 17 17 14 20 17 19 29 23 26 25 30 24 28 32 37 25 31 33 45 34 38 36 46 39 41 49 47 45 45 50 49 INCR = 4
2 2 2 2 3 4 4 4 5 6 6 8 9 9 14 14 15 16 16 17 17 17 18 19 20 23 24 25 25 26 28 29 30 31 32 33 34 36 37 38 39 41 45 45 45 46 47 49 49 50 INCR = 1
2 2 2 2 3 4 4 4 5 6 6 8 9 9 14 14 15 16 16 17 17 17 18 19 20 23 24 25 25 26 28 29 30 31 32 33 34 36 37 38 39 41 45 45 45 46 47 49 49 50 INCR = 0


Numero de elementos na entrada: 73

SEQ SHELL P2
28 7 22 7 10 19 11 21 4 45 16 65 45 6 5 64 48 16 41 45 49 71 66 71 2 71 41 48 58 23 47 5 37 23 21 46 40 56 67 41 69 13 54 45 64 5 37 47 6 38 59 66 12 18 63 18 13 30 45 58 23 36 59 51 40 62 70 44 42 50 28 40 50 INCR = 64
28 7 21 7 10 19 11 21 4 13 16 45 45 5 5 47 6 16 41 45 12 18 63 18 2 30 41 48 23 23 47 5 37 23 22 44 40 50 28 40 50 45 54 65 64 6 37 64 48 38 59 66 49 71 66 71 13 71 45 58 58 36 59 51 40 62 70 46 42 56 67 41 69 INCR = 32
6 7 21 7 10 18 11 18 2 13 16 45 23 5 5 5 28 16 22 44 12 19 28 21 4 30 41 48 45 6 37 47 37 23 41 45 40 50 63 40 13 45 45 58 58 23 47 51 40 38 59 46 42 56 66 41 50 71 54 65 64 36 59 64 48 62 70 66 49 71 67 71 69 INCR = 16
2 7 16 7 10 5 5 5 4 13 21 44 12 6 11 18 6 16 22 45 23 18 28 21 13 23 41 45 40 19 37 40 28 30 41 46 42 23 47 41 37 38 45 48 45 36 59 47 40 45 54 58 49 50 63 51 48 62 59 65 58 56 66 64 50 71 70 66 64 71 67 71 69 INCR = 8
2 5 5 5 4 6 11 7 6 7 16 18 10 13 21 21 12 16 22 40 13 18 28 41 23 19 37 44 28 23 41 45 37 23 41 45 40 30 45 46 40 36 47 47 42 38 54 48 45 45 59 51 48 50 59 58 49 56 63 64 50 62 66 65 58 71 67 66 64 71 70 71 69 INCR = 4
2 5 4 5 5 6 6 7 10 7 11 13 12 16 13 18 16 18 21 19 22 21 23 23 28 23 28 30 37 36 37 38 40 40 40 41 41 44 41 45 42 45 45 45 45 46 47 47 48 48 49 50 50 51 54 56 58 58 59 62 59 64 63 65 64 66 66 71 67 71 69 71 70 INCR = 2
2 4 5 5 5 6 6 7 7 10 11 12 13 13 16 16 18 18 19 21 21 22 23 23 23 28 28 30 36 37 37 38 40 40 40 41 41 41 42 44 45 45 45 45 45 46 47 47 48 48 49 50 50 51 54 56 58 58 59 59 62 63 64 64 65 66 66 67 69 70 71 71 71 INCR = 1
SEQ SHELL KNUTH
40 7 54 44 10 5 28 40 4 38 16 65 12 6 5 18 13 16 41 45 23 36 59 51 2 62 22 7 42 23 11 5 37 23 21 46 40 56 67 41 69 13 70 45 64 19 37 47 6 45 59 66 45 18 63 64 48 30 45 58 49 71 66 71 28 71 41 48 58 50 47 21 50 INCR = 40
6 5 13 13 10 5 19 23 4 6 16 2 12 22 7 18 23 11 5 21 23 21 38 40 56 28 40 7 42 44 16 30 28 37 36 46 45 59 62 41 18 48 58 45 41 37 40 47 59 51 65 66 45 41 54 64 48 47 45 50 49 71 66 71 67 71 69 63 70 50 64 45 58 INCR = 13
4 5 5 2 6 5 7 7 10 6 13 13 12 11 16 18 18 21 16 21 23 22 19 23 23 28 36 30 28 37 38 40 41 37 40 41 42 41 40 45 45 44 45 45 45 47 54 46 48 48 58 47 49 50 62 50 56 51 64 63 58 59 65 64 59 71 66 66 67 71 69 71 70 INCR = 4
2 4 5 5 5 6 6 7 7 10 11 12 13 13 16 16 18 18 19 21 21 22 23 23 23 28 28 30 36 37 37 38 40 40 40 41 41 41 42 44 45 45 45 45 45 46 47 47 48 48 49 50 50 51 54 56 58 58 59 59 62 63 64 64 65 66 66 67 69 70 71 71 71 INCR = 1
2 4 5 5 5 6 6 7 7 10 11 12 13 13 16 16 18 18 19 21 21 22 23 23 23 28 28 30 36 37 37 38 40 40 40 41 41 41 42 44 45 45 45 45 45 46 47 47 48 48 49 50 50 51 54 56 58 58 59 59 62 63 64 64 65 66 66 67 69 70 71 71 71 INCR = 0


Numero de elementos na entrada: 98

SEQ SHELL P2
84 54 26 44 11 53 54 48 5 52 14 37 9 16 4 23 61 76 24 79 89 10 26 72 17 14 42 24 3 56 42 51 5 5 44 18 48 84 90 50 88 46 75 85 92 35 40 48 72 10 69 68 75 54 58 9 50 81 78 17 93 79 71 70 93 82 83 89 36 91 88 94 34 98 73 59 84 52 24 45 74 85 33 90 90 30 74 78 73 59 92 56 29 57 62 81 71 24 INCR = 64
5 5 26 18 11 53 54 48 5 46 14 37 9 16 4 23 61 10 24 68 75 10 26 9 17 14 42 17 3 56 42 51 71 24 44 44 36 84 88 50 34 52 73 59 84 35 24 45 72 76 33 79 89 30 58 72 50 59 78 24 29 57 62 70 84 54 83 89 48 91 90 94 88 98 75 85 92 52 40 48 74 85 69 90 90 54 74 78 73 81 92 56 93 79 71 81 93 82 INCR = 32
5 5 24 18 11 10 26 9 5 14 14 17 3 16 4 23 61 10 26 44 36 30 54 48 17 46 42 24 9 35 24 45 71 24 33 68 48 53 58 50 34 52 73 37 29 52 40 48 72 54 44 79 75 54 74 72 50 59 75 56 84 56 42 51 74 76 69 89 89 84 88 78 73 81 78 59 92 57 62 70 84 82 83 90 90 91 90 94 88 98 92 85 93 79 71 81 93 85 INCR = 16
5 5 14 17 3 10 4 9 5 10 24 18 9 16 24 23 17 14 26 24 11 30 26 45 34 24 33 37 29 35 40 48 50 46 42 44 36 52 42 48 61 52 44 56 48 53 54 50 71 54 69 59 75 54 58 51 72 59 73 68 84 56 62 70 73 76 75 79 89 57 71 72 74 81 78 85 90 79 74 78 84 82 83 89 92 84 88 81 88 85 92 90 93 91 90 94 93 98 INCR = 8
3 5 4 9 5 10 14 17 5 10 24 18 9 14 24 23 11 16 26 24 17 24 26 37 29 30 33 44 34 35 40 45 36 46 42 48 48 52 42 48 50 52 44 50 61 53 54 51 71 54 58 56 72 54 62 59 73 56 69 68 74 57 71 70 75 59 73 72 84 76 74 78 84 79 75 79 88 81 78 81 89 82 83 85 90 84 88 89 92 85 90 90 93 91 92 94 93 98 INCR = 4
3 5 4 9 5 10 5 10 9 14 11 16 14 17 17 18 24 23 24 24 26 24 26 30 29 35 33 37 34 44 36 45 40 46 42 48 42 48 44 50 48 51 50 52 54 52 58 53 61 54 62 54 69 56 71 56 71 57 72 59 73 59 73 68 74 70 74 72 75 76 75 78 78 79 83 79 84 81 84 81 88 82 88 84 89 85 90 85 90 89 92 90 92 91 93 94 93 98 INCR = 2
3 4 5 5 5 9 9 10 10 11 14 14 16 17 17 18 23 24 24 24 24 26 26 29 30 33 34 35 36 37 40 42 42 44 44 45 46 48 48 48 50 50 51 52 52 53 54 54 54 56 56 57 58 59 59 61 62 68 69 70 71 71 72 72 73 73 74 74 75 75 76 78 78 79 79 81 81 82 83 84 84 84 85 85 88 88 89 89 90 90 90 91 92 92 93 93 94 98 INCR = 1
SEQ SHELL KNUTH
61 46 24 85 11 30 40 48 17 10 14 24 29 16 4 9 5 24 33 17 89 10 26 70 73 54 26 44 3 53 42 51 5 5 44 18 9 52 24 23 88 82 75 89 90 35 74 48 34 14 69 37 75 54 58 45 50 76 78 79 93 79 71 72 84 59 42 56 36 57 54 94 71 52 73 59 48 84 90 50 93 85 83 90 92 91 88 78 72 98 92 68 84 56 62 81 74 81 INCR = 40
16 4 3 5 11 30 5 5 10 10 9 24 24 23 42 9 36 24 33 17 48 17 18 14 48 29 26 44 24 45 42 51 35 71 44 26 14 52 37 59 46 56 53 50 54 40 74 48 34 59 69 54 61 50 56 62 57 74 78 79 52 73 70 72 84 68 54 58 75 81 76 81 89 88 78 71 73 84 75 84 82 85 83 90 92 91 93 79 72 98 92 90 88 93 85 89 90 94 INCR = 13
10 4 3 5 11 10 5 5 14 17 9 9 16 23 18 14 24 24 26 17 24 29 33 24 34 30 37 26 35 40 42 44 36 45 42 48 46 50 44 50 48 52 53 51 48 56 54 54 52 59 56 58 54 68 69 59 57 71 70 62 61 73 74 71 72 74 75 72 73 81 76 79 75 84 78 79 82 85 78 81 84 88 83 84 88 91 85 89 89 93 92 90 90 94 93 90 92 98 INCR = 4
3 4 5 5 5 9 9 10 10 11 14 14 16 17 17 18 23 24 24 24 24 26 26 29 30 33 34 35 36 37 40 42 42 44 44 45 46 48 48 48 50 50 51 52 52 53 54 54 54 56 56 57 58 59 59 61 62 68 69 70 71 71 72 72 73 73 74 74 75 75 76 78 78 79 79 81 81 82 83 84 84 84 85 85 88 88 89 89 90 90 90 91 92 92 93 93 94 98 INCR = 1
3 4 5 5 5 9 9 10 10 11 14 14 16 17 17 18 23 24 24 24 24 26 26 29 30 33 34 35 36 37 40 42 42 44 44 45 46 48 48 48 50 50 51 52 52 53 54 54 54 56 56 57 58 59 59 61 62 68 69 70 71 71 72 72 73 73 74 74 75 75 76 78 78 79 79 81 81 82 83 84 84 84 85 85 88 88 89 89 90 90 90 91 92 92 93 93 94 98 INCR = 0

